version = 'MMult_4x4_14';
MY_MMult = [
40 4.578132e+00 0.000000e+00 
80 5.049310e+00 0.000000e+00 
120 5.314315e+00 0.000000e+00 
160 4.877924e+00 0.000000e+00 
200 4.124468e+00 0.000000e+00 
240 4.863941e+00 0.000000e+00 
280 3.836833e+00 0.000000e+00 
320 4.322346e+00 0.000000e+00 
360 4.232259e+00 0.000000e+00 
400 4.675838e+00 0.000000e+00 
440 4.438460e+00 0.000000e+00 
480 4.796581e+00 0.000000e+00 
520 4.271200e+00 0.000000e+00 
560 4.741734e+00 0.000000e+00 
600 4.464203e+00 0.000000e+00 
640 4.647778e+00 0.000000e+00 
680 4.580712e+00 0.000000e+00 
720 4.915984e+00 0.000000e+00 
760 4.680011e+00 0.000000e+00 
800 4.737593e+00 0.000000e+00 
];
