version = 'MMult_4x4_15';
MY_MMult = [
40 5.829045e+00 0.000000e+00 
80 6.906972e+00 0.000000e+00 
120 7.285729e+00 0.000000e+00 
160 6.694593e+00 0.000000e+00 
200 5.681169e+00 0.000000e+00 
240 6.745953e+00 0.000000e+00 
280 4.811973e+00 0.000000e+00 
320 5.296749e+00 0.000000e+00 
360 5.446404e+00 0.000000e+00 
400 5.822469e+00 0.000000e+00 
440 5.804914e+00 0.000000e+00 
480 6.118415e+00 0.000000e+00 
520 5.486613e+00 0.000000e+00 
560 5.795579e+00 0.000000e+00 
600 5.784239e+00 0.000000e+00 
640 5.832081e+00 0.000000e+00 
680 6.017485e+00 0.000000e+00 
720 6.158899e+00 0.000000e+00 
760 6.142936e+00 0.000000e+00 
800 5.934697e+00 0.000000e+00 
];
