MY_MMult = [
40 4.703531e-01 0.000000e+00 
80 4.594137e-01 0.000000e+00 
120 4.060852e-01 0.000000e+00 
160 3.918974e-01 0.000000e+00 
200 3.789773e-01 0.000000e+00 
240 3.999024e-01 0.000000e+00 
280 3.287697e-01 0.000000e+00 
320 1.071575e-01 0.000000e+00 
360 2.397490e-01 0.000000e+00 
400 2.126849e-01 0.000000e+00 
440 1.505929e-01 0.000000e+00 
480 8.810097e-02 0.000000e+00 
520 1.261317e-01 0.000000e+00 
560 1.183094e-01 0.000000e+00 
600 1.081173e-01 0.000000e+00 
640 5.999744e-02 0.000000e+00 
680 9.839387e-02 0.000000e+00 
MY_MMult = [
40 4.701406e-01 0.000000e+00 
80 4.576203e-01 0.000000e+00 
120 4.019474e-01 0.000000e+00 
160 3.926718e-01 0.000000e+00 
200 3.797096e-01 0.000000e+00 
240 4.005739e-01 0.000000e+00 
280 3.289062e-01 0.000000e+00 
320 1.040069e-01 0.000000e+00 
360 2.335053e-01 0.000000e+00 
400 2.150457e-01 0.000000e+00 
440 1.520671e-01 0.000000e+00 
480 8.784287e-02 0.000000e+00 
520 1.263930e-01 0.000000e+00 
MY_MMult = [
40 4.702788e-01 0.000000e+00 
80 4.596952e-01 0.000000e+00 
120 4.003229e-01 0.000000e+00 
160 3.887771e-01 0.000000e+00 
200 3.783629e-01 0.000000e+00 
240 3.998792e-01 0.000000e+00 
280 3.307701e-01 0.000000e+00 
320 1.057563e-01 0.000000e+00 
360 2.665272e-01 0.000000e+00 
400 2.079636e-01 0.000000e+00 
440 1.513322e-01 0.000000e+00 
480 8.632469e-02 0.000000e+00 
520 1.264293e-01 0.000000e+00 
560 1.184588e-01 0.000000e+00 
600 1.081384e-01 0.000000e+00 
640 5.751000e-02 0.000000e+00 
680 9.870936e-02 0.000000e+00 
720 9.544815e-02 0.000000e+00 
760 9.152923e-02 0.000000e+00 
800 7.903898e-02 0.000000e+00 
];
