version = 'MMult_4x4_13';
MY_MMult = [
40 4.762613e+00 0.000000e+00 
80 4.755204e+00 0.000000e+00 
120 4.887762e+00 0.000000e+00 
160 4.599790e+00 0.000000e+00 
200 4.160306e+00 0.000000e+00 
240 4.450194e+00 0.000000e+00 
280 3.568941e+00 0.000000e+00 
320 3.910894e+00 0.000000e+00 
360 3.763230e+00 0.000000e+00 
400 4.022699e+00 0.000000e+00 
440 3.768290e+00 0.000000e+00 
480 4.163757e+00 0.000000e+00 
520 3.644952e+00 0.000000e+00 
560 4.054573e+00 0.000000e+00 
600 3.792401e+00 0.000000e+00 
640 4.030900e+00 0.000000e+00 
680 3.774066e+00 0.000000e+00 
720 4.179538e+00 0.000000e+00 
760 3.901869e+00 0.000000e+00 
800 4.061394e+00 0.000000e+00 
];
